孩子,统一,唐山,超生,警方,茅台,全州,失去,招聘,开启,南京,周杰伦,预约,子女,广西,迪士尼,社会调剂,宣判,最伟大的作品,市政府,北京,版权,实验室,米老鼠,调剂,抱走,形象,美国,一审,全县,医学,检验,女大学生,扎伤
0.9984026,0.7580613,0.0259084,0.8669587,0.024563,0.0,0.7844356,0.0034029,0.0,0.0031684,0.0056625,0.0028648,0.0037927,0.2847712,0.5012794,0.0,0.7730523,0.0062703,0.0031461,0.2538178,0.0156949,0.0,0.0042952,0.0,0.6830058,0.4001552,0.0,0.1111821,0.0057468,0.6564399,0.0043448,0.0044219,0.0057815,0.0094716
0.7580613,0.9976798,0.0206655,0.7027202,0.0123624,0.0,0.722555,0.0,0.0,0.0,0.0031926,0.0,0.0,0.2253695,0.37529,0.0,0.8246235,0.0034965,0.0,0.1823451,0.0171404,0.0,0.0046566,0.0,0.2757525,0.2596874,0.0,0.0415147,0.0032348,0.7330479,0.0047062,0.0047833,0.0032521,0.0070372
0.0259084,0.0206655,0.9964158,0.0244316,0.8859828,0.0,0.0227564,0.0,0.0,0.0,0.0114739,0.0,0.0,0.0035589,0.0082139,0.0,0.0254172,0.0123857,0.0,0.0037226,0.0147513,0.0,0.0052886,0.0,0.0070089,0.0064578,0.0,0.0268049,0.0116004,0.0,0.0160146,0.0054153,0.0116525,0.8716271
0.8669587,0.7027202,0.0244316,0.9986979,0.0154893,0.0,0.9392825,0.0032552,0.0,0.0,0.0026836,0.0,0.0,0.6745735,0.4834346,0.0,0.7289178,0.0029875,0.0,0.6066627,0.0151042,0.0,0.0041475,0.0,0.6782873,0.7244747,0.0,0.1013207,0.0027257,0.6297105,0.0041971,0.0042742,0.0027431,0.0060191
0.024563,0.0123624,0.8859828,0.0154893,0.996139,0.0,0.0160013,0.0,0.0,0.0,0.0277412,0.0,0.0,0.0110919,0.0254719,0.0,0.0198933,0.0128009,0.0,0.0,0.0252775,0.0,0.027135,0.0,0.0182142,0.0168364,0.0,0.0272201,0.0120156,0.0,0.0383362,0.0277685,0.0120677,0.8963994
0.0,0.0,0.0,0.0,0.0,0.9958333,0.0,0.0,0.9456019,0.008906,0.0,0.0,0.0,0.0,0.0,0.0,0.0,0.0,0.0,0.0,0.0104167,0.0,0.0,0.0,0.0,0.0,0.0,0.0,0.0,0.0,0.0,0.0,0.0,0.0
0.7844356,0.722555,0.0227564,0.9392825,0.0160013,0.0,0.9985272,0.0,0.0,0.0,0.0027689,0.0,0.0,0.6908726,0.2471465,0.0,0.7424965,0.0030728,0.0,0.6213828,0.0115841,0.0,0.0042329,0.0,0.5068821,0.6975839,0.0,0.0945508,0.0028111,0.6310968,0.0042825,0.0043596,0.0028284,0.0061897
0.0034029,0.0,0.0,0.0032552,0.0,0.0,0.0,0.9947917,0.0,0.0,0.0,0.0,0.0,0.0,0.004919,0.9716346,0.0,0.0,0.0,0.0,0.0057292,0.9052083,0.0061007,0.9817299,0.0043165,0.0,0.728945,0.399628,0.0,0.0,0.0,0.0,0.0,0.0
0.0,0.0,0.0,0.0,0.0,0.9456019,0.0,0.0,0.9953704,0.009369,0.0,0.0,0.0,0.0,0.0,0.0,0.0,0.0,0.0,0.0,0.0054398,0.0,0.0,0.0,0.0,0.0,0.0,0.0,0.0,0.0,0.0,0.0,0.0,0.0
0.0031684,0.0,0.0,0.0,0.0,0.008906,0.0,0.0,0.009369,0.9952607,0.0,0.8960284,0.8689162,0.0,0.0,0.0,0.0,0.0,0.9528514,0.0,0.0,0.0,0.0,0.0,0.0,0.0,0.0,0.0,0.0,0.0,0.0,0.0,0.0,0.0
0.0056625,0.0031926,0.0114739,0.0026836,0.0277412,0.0,0.0027689,0.0,0.0,0.0,0.995935,0.0,0.0,0.0075986,0.0,0.0,0.0034176,0.9218524,0.0,0.0,0.0,0.0,0.0,0.0,0.0,0.0,0.0,0.0,0.9734086,0.0,0.0,0.0,0.9816478,0.0
0.0028648,0.0,0.0,0.0,0.0,0.0,0.0,0.0,0.0,0.8960284,0.0,0.9958678,0.8298609,0.0,0.0,0.0,0.0,0.0,0.9356691,0.0,0.0051911,0.0,0.0,0.0,0.0,0.0,0.0,0.0,0.0,0.0,0.0,0.0,0.0,0.0
0.0037927,0.0,0.0,0.0,0.0,0.0,0.0,0.0,0.0,0.8689162,0.0,0.8298609,0.994012,0.0,0.0,0.0,0.0,0.0,0.8706531,0.0,0.0,0.0,0.0,0.0,0.0,0.0,0.0,0.0,0.0,0.0,0.0,0.0,0.0,0.0
0.2847712,0.2253695,0.0035589,0.6745735,0.0110919,0.0,0.6908726,0.0,0.0,0.0,0.0075986,0.0,0.0,0.9964664,0.1877536,0.0,0.236387,0.0082065,0.0,0.8466786,0.0,0.0,0.0,0.0,0.184393,0.8457414,0.0,0.0356386,0.0076829,0.1855817,0.0,0.0,0.0077177,0.0
0.5012794,0.37529,0.0082139,0.4834346,0.0254719,0.0,0.2471465,0.004919,0.0,0.0,0.0,0.0,0.0,0.1877536,0.9953704,0.0,0.2774892,0.0,0.0,0.1528314,0.0054398,0.0,0.0,0.0,0.4429858,0.2851213,0.0,0.028373,0.0,0.2382898,0.0,0.0,0.0,0.0046733
0.0,0.0,0.0,0.0,0.0,0.0,0.0,0.9716346,0.0,0.0,0.0,0.0,0.0,0.0,0.0,0.9948718,0.0,0.0,0.0,0.0,0.0056891,0.8931891,0.0,0.9793798,0.0,0.0,0.7252591,0.3785714,0.0,0.0,0.0,0.0,0.0,0.0
0.7730523,0.8246235,0.0254172,0.7289178,0.0198933,0.0,0.7424965,0.0,0.0,0.0,0.0034176,0.0,0.0,0.236387,0.2774892,0.0,0.9972299,0.0037215,0.0,0.1856704,0.0135301,0.0,0.0048815,0.0,0.3035423,0.3273315,0.0,0.0341116,0.0034597,0.69432,0.0049311,0.0050082,0.0034771,0.0074871
0.0062703,0.0034965,0.0123857,0.0029875,0.0128009,0.0,0.0030728,0.0,0.0,0.0,0.9218524,0.0,0.0,0.0082065,0.0,0.0,0.0037215,0.9953271,0.0,0.0,0.0,0.0,0.0,0.0,0.0,0.0,0.0,0.0,0.9395723,0.0,0.0,0.0,0.9344132,0.0
0.0031461,0.0,0.0,0.0,0.0,0.0,0.0,0.0,0.0,0.9528514,0.0,0.9356691,0.8706531,0.0,0.0,0.0,0.0,0.0,0.9953052,0.0,0.0,0.0,0.0,0.0,0.0,0.0,0.0,0.0,0.0,0.0,0.0,0.0,0.0,0.0
0.2538178,0.1823451,0.0037226,0.6066627,0.0,0.0,0.6213828,0.0,0.0,0.0,0.0,0.0,0.0,0.8466786,0.1528314,0.0,0.1856704,0.0,0.0,0.996139,0.0,0.0,0.0,0.0,0.1675702,0.7711079,0.0,0.0272201,0.0,0.1489704,0.0,0.0,0.0,0.0
0.0156949,0.0171404,0.0147513,0.0151042,0.0252775,0.0104167,0.0115841,0.0057292,0.0054398,0.0,0.0,0.0051911,0.0,0.0,0.0054398,0.0056891,0.0135301,0.0,0.0,0.0,0.99375,0.00625,0.907146,0.0057428,0.0048373,0.0,0.0084441,0.0205357,0.0051997,0.0,0.9139406,0.9245018,0.0,0.0054835
0.0,0.0,0.0,0.0,0.0,0.0,0.0,0.9052083,0.0,0.0,0.0,0.0,0.0,0.0,0.0,0.8931891,0.0,0.0,0.0,0.0,0.00625,0.99375,0.0,0.9016198,0.0,0.0,0.7008644,0.3388393,0.0,0.0,0.0,0.0,0.0,0.0
0.0042952,0.0046566,0.0052886,0.0041475,0.027135,0.0,0.0042329,0.0061007,0.0,0.0,0.0,0.0,0.0,0.0,0.0,0.0,0.0048815,0.0,0.0,0.0,0.907146,0.0,0.993007,0.0,0.0,0.0,0.0,0.0212787,0.0,0.0,0.957794,0.9682781,0.0,0.005855
0.0,0.0,0.0,0.0,0.0,0.0,0.0,0.9817299,0.0,0.0,0.0,0.0,0.0,0.0,0.0,0.9793798,0.0,0.0,0.0,0.0,0.0057428,0.9016198,0.0,0.9947644,0.0,0.0,0.7301994,0.3806657,0.0,0.0,0.0,0.0,0.0,0.0
0.6830058,0.2757525,0.0070089,0.6782873,0.0182142,0.0,0.5068821,0.0043165,0.0,0.0,0.0,0.0,0.0,0.184393,0.4429858,0.0,0.3035423,0.0,0.0,0.1675702,0.0048373,0.0,0.0,0.0,0.9965753,0.3023146,0.0,0.0708415,0.0,0.1290626,0.0,0.0,0.0,0.0040708
0.4001552,0.2596874,0.0064578,0.7244747,0.0168364,0.0,0.6975839,0.0,0.0,0.0,0.0,0.0,0.0,0.8457414,0.2851213,0.0,0.3273315,0.0,0.0,0.7711079,0.0,0.0,0.0,0.0,0.3023146,0.9971264,0.0,0.0428982,0.0,0.2177147,0.0,0.0,0.0,0.0
0.0,0.0,0.0,0.0,0.0,0.0,0.0,0.728945,0.0,0.0,0.0,0.0,0.0,0.0,0.0,0.7252591,0.0,0.0,0.0,0.0,0.0084441,0.7008644,0.0,0.7301994,0.0,0.0,0.9893617,0.4735562,0.0,0.0,0.0,0.0,0.0,0.0
0.1111821,0.0415147,0.0268049,0.1013207,0.0272201,0.0,0.0945508,0.399628,0.0,0.0,0.0,0.0,0.0,0.0356386,0.028373,0.3785714,0.0341116,0.0,0.0,0.0272201,0.0205357,0.3388393,0.0212787,0.3806657,0.0708415,0.0428982,0.4735562,0.9857143,0.0,0.0191877,0.0,0.0,0.0,0.0190027
0.0057468,0.0032348,0.0116004,0.0027257,0.0120156,0.0,0.0028111,0.0,0.0,0.0,0.9734086,0.0,0.0,0.0076829,0.0,0.0,0.0034597,0.9395723,0.0,0.0,0.0051997,0.0,0.0,0.0,0.0,0.0,0.0,0.0,0.9958506,0.0,0.0,0.0,0.9875171,0.0
0.6564399,0.7330479,0.0,0.6297105,0.0,0.0,0.6310968,0.0,0.0,0.0,0.0,0.0,0.0,0.1855817,0.2382898,0.0,0.69432,0.0,0.0,0.1489704,0.0,0.0,0.0,0.0,0.1290626,0.2177147,0.0,0.0191877,0.0,0.995098,0.0,0.0,0.0,0.0
0.0043448,0.0047062,0.0160146,0.0041971,0.0383362,0.0,0.0042825,0.0,0.0,0.0,0.0,0.0,0.0,0.0,0.0,0.0,0.0049311,0.0,0.0,0.0,0.9139406,0.0,0.957794,0.0,0.0,0.0,0.0,0.0,0.0,0.0,0.9929078,0.9821924,0.0,0.0177138
0.0044219,0.0047833,0.0054153,0.0042742,0.0277685,0.0,0.0043596,0.0,0.0,0.0,0.0,0.0,0.0,0.0,0.0,0.0,0.0050082,0.0,0.0,0.0,0.9245018,0.0,0.9682781,0.0,0.0,0.0,0.0,0.0,0.0,0.0,0.9821924,0.9927536,0.0,0.0059817
0.0057815,0.0032521,0.0116525,0.0027431,0.0120677,0.0,0.0028284,0.0,0.0,0.0,0.9816478,0.0,0.0,0.0077177,0.0,0.0,0.0034771,0.9344132,0.0,0.0,0.0,0.0,0.0,0.0,0.0,0.0,0.0,0.0,0.9875171,0.0,0.0,0.0,0.9958159,0.0
0.0094716,0.0070372,0.8716271,0.0060191,0.8963994,0.0,0.0061897,0.0,0.0,0.0,0.0,0.0,0.0,0.0,0.0046733,0.0,0.0074871,0.0,0.0,0.0,0.0054835,0.0,0.005855,0.0,0.0040708,0.0,0.0,0.0190027,0.0,0.0,0.0177138,0.0059817,0.0,0.995283
