日本,安倍,学生,总统,嫌疑人,辞职,违规,斯里兰卡,数据库,学校ip,永久,被封,刺杀,行程,供述,生命,ip地址,检测,武汉大学,前一晚,全面,体征,下架
0.9955357,0.6161584,0.0,0.0325092,0.4194467,0.1501075,0.0,0.0283523,0.0,0.0,0.0,0.0,0.423851,0.2458653,0.3231355,0.1250194,0.0,0.0133433,0.0,0.2035043,0.0,0.1092648,0.0
0.6161584,0.9981447,0.0,0.0275915,0.59186,0.0908312,0.0,0.0137291,0.0,0.0,0.0,0.0,0.5894112,0.6210855,0.5507157,0.5803017,0.0,0.0120388,0.0,0.6377339,0.0,0.5680387,0.0
0.0,0.0,0.9965986,0.0,0.0,0.0,0.9313056,0.0,0.9295826,0.0,0.9297824,0.8179209,0.0,0.0,0.0,0.0,0.0,0.4227891,0.1938231,0.0,0.0,0.0,0.0
0.0325092,0.0275915,0.0,0.996337,0.0078471,0.8409535,0.0,0.9598668,0.0,0.0,0.0,0.0,0.0194034,0.0103744,0.0042825,0.0123587,0.0,0.0129426,0.0,0.0050995,0.0,0.0160087,0.0
0.4194467,0.59186,0.0,0.0078471,0.9958159,0.1096723,0.0,0.0,0.0,0.0,0.0,0.0,0.9359181,0.1035073,0.9086061,0.0128798,0.0,0.0132032,0.0,0.0160801,0.0,0.0165298,0.0
0.1501075,0.0908312,0.0,0.8409535,0.1096723,0.9963504,0.0,0.8378898,0.0,0.0,0.0,0.0,0.1162199,0.0051805,0.1154465,0.0,0.0,0.0129359,0.0,0.0,0.0,0.0,0.0
0.0,0.0,0.9313056,0.0,0.0,0.0,0.9961538,0.0,0.9903698,0.0,0.9903622,0.8601763,0.0,0.0,0.0,0.0,0.0,0.0,0.0,0.0,0.0105438,0.0,0.0
0.0283523,0.0137291,0.0,0.9598668,0.0,0.8378898,0.0,0.9963636,0.0,0.0,0.0,0.0,0.0116021,0.0,0.0,0.006166,0.0,0.0,0.0,0.0,0.0,0.0,0.0
0.0,0.0,0.9295826,0.0,0.0,0.0,0.9903698,0.0,0.996139,0.0,0.992263,0.861587,0.0,0.0,0.0,0.0,0.0,0.0,0.0,0.0,0.0,0.0,0.0
0.0,0.0,0.0,0.0,0.0,0.0,0.0,0.0,0.0,0.0,0.0,0.0,0.0,0.0,0.0,0.0,0.0,0.0,0.0,0.0,0.0,0.0,0.0
0.0,0.0,0.9297824,0.0,0.0,0.0,0.9903622,0.0,0.992263,0.0,0.9961089,0.8598918,0.0,0.0,0.0,0.0,0.0,0.0,0.0,0.0,0.0,0.0,0.0
0.0,0.0,0.8179209,0.0,0.0,0.0,0.8601763,0.0,0.861587,0.0,0.8598918,0.9947917,0.0,0.0,0.0,0.0,0.0,0.0,0.0066042,0.0,0.0,0.0,0.0
0.423851,0.5894112,0.0,0.0194034,0.9359181,0.1162199,0.0,0.0116021,0.0,0.0,0.0,0.0,0.9959016,0.1026928,0.8910318,0.012794,0.0,0.0,0.0,0.0265858,0.0,0.008222,0.0
0.2458653,0.6210855,0.0,0.0103744,0.1035073,0.0051805,0.0,0.0,0.0,0.0,0.0,0.0,0.1026928,0.9932886,0.0464535,0.0077035,0.0,0.0289336,0.0,0.8478309,0.0119764,0.0095285,0.0
0.3231355,0.5507157,0.0,0.0042825,0.9086061,0.1154465,0.0,0.0,0.0,0.0,0.0,0.0,0.8910318,0.0464535,0.995098,0.0135976,0.0,0.0135621,0.0,0.0114379,0.0,0.0172476,0.0
0.1250194,0.5803017,0.0,0.0123587,0.0128798,0.0,0.0,0.006166,0.0,0.0,0.0,0.0,0.012794,0.0077035,0.0135976,0.9913043,0.0,0.0,0.0083478,0.0152316,0.0,0.8416532,0.0
0.0,0.0,0.0,0.0,0.0,0.0,0.0,0.0,0.0,0.0,0.0,0.0,0.0,0.0,0.0,0.0,0.0,0.0,0.0,0.0,0.0,0.0,0.0
0.0133433,0.0120388,0.4227891,0.0129426,0.0132032,0.0129359,0.0,0.0,0.0,0.0,0.0,0.0,0.0,0.0289336,0.0135621,0.0,0.0,0.9777778,0.5742222,0.0,0.0591954,0.0,0.0
0.0,0.0,0.1938231,0.0,0.0,0.0,0.0,0.0,0.0,0.0,0.0,0.0066042,0.0,0.0,0.0,0.0083478,0.0,0.5742222,0.992,0.0,0.0,0.0,0.0
0.2035043,0.6377339,0.0,0.0050995,0.0160801,0.0,0.0,0.0,0.0,0.0,0.0,0.0,0.0265858,0.8478309,0.0114379,0.0152316,0.0,0.0,0.0,0.9934641,0.0,0.0094408,0.0
0.0,0.0,0.0,0.0,0.0,0.0,0.0105438,0.0,0.0,0.0,0.0,0.0,0.0,0.0119764,0.0,0.0,0.0,0.0591954,0.0,0.0,0.9827586,0.0,0.8088775
0.1092648,0.5680387,0.0,0.0160087,0.0165298,0.0,0.0,0.0,0.0,0.0,0.0,0.0,0.008222,0.0095285,0.0172476,0.8416532,0.0,0.0,0.0,0.0094408,0.0,0.9876543,0.0
0.0,0.0,0.0,0.0,0.0,0.0,0.0,0.0,0.0,0.0,0.0,0.0,0.0,0.0,0.0,0.0,0.0,0.0,0.0,0.0,0.8088775,0.0,0.9787234
