身亡,马斯克,曝光,画面,遇袭,警备,2人,违反,枪击,日本,街头,收购,董事会,终止,通知书,中枪
0.9971671,0.0,0.1556202,0.1826199,0.1500267,0.0530261,0.06121,0.0,0.3091332,0.6736612,0.4289896,0.0,0.0,0.0036486,0.0,0.2378224
0.0,0.9955357,0.0,0.0,0.0,0.0,0.0,0.6816176,0.0,0.0,0.0,0.964033,0.6209897,0.9866071,0.0,0.0
0.1556202,0.0,0.9955947,0.8247046,0.8823902,0.0216064,0.0209339,0.0,0.1232667,0.2385224,0.0421439,0.0,0.0,0.0,0.0,0.1852795
0.1826199,0.0,0.8247046,0.9969419,0.863762,0.0109431,0.0105395,0.0,0.1110842,0.2351129,0.0591743,0.0,0.0,0.0,0.0,0.4489257
0.1500267,0.0,0.8823902,0.863762,0.99631,0.0436003,0.0191457,0.0,0.136064,0.2378873,0.0407134,0.0,0.0,0.0,0.0,0.1629367
0.0530261,0.0,0.0216064,0.0109431,0.0436003,0.9957627,0.9190207,0.0,0.8079077,0.1761436,0.1463277,0.0,0.0,0.0,0.0,0.080481
0.06121,0.0,0.0209339,0.0105395,0.0191457,0.9190207,0.9960317,0.0,0.8159369,0.1403136,0.0928571,0.0,0.0,0.0,0.0,0.0836941
0.0,0.6816176,0.0,0.0,0.0,0.0,0.0,0.9882353,0.0,0.0,0.0,0.6922309,0.7465603,0.6816176,0.0,0.0
0.3091332,0.0,0.1232667,0.1110842,0.136064,0.8079077,0.8159369,0.0,0.9973615,0.3937566,0.4826297,0.0,0.0,0.0,0.0,0.2100367
0.6736612,0.0,0.2385224,0.2351129,0.2378873,0.1761436,0.1403136,0.0,0.3937566,0.9975904,0.5055221,0.0,0.0,0.003437,0.0,0.2225786
0.4289896,0.0,0.0421439,0.0591743,0.0407134,0.1463277,0.0928571,0.0,0.4826297,0.5055221,0.9833333,0.0,0.0,0.0,0.0,0.0926407
0.0,0.964033,0.0,0.0,0.0,0.0,0.0,0.6922309,0.0,0.0,0.0,0.995283,0.6283179,0.964033,0.0,0.0
0.0,0.6209897,0.0,0.0,0.0,0.0,0.0,0.7465603,0.0,0.0,0.0,0.6283179,0.9830508,0.6209897,0.0,0.0
0.0036486,0.9866071,0.0,0.0,0.0,0.0,0.0,0.6816176,0.0,0.003437,0.0,0.964033,0.6209897,0.9955357,0.0,0.0
0.0,0.0,0.0,0.0,0.0,0.0,0.0,0.0,0.0,0.0,0.0,0.0,0.0,0.0,0.974359,0.0
0.2378224,0.0,0.1852795,0.4489257,0.1629367,0.080481,0.0836941,0.0,0.2100367,0.2225786,0.0926407,0.0,0.0,0.0,0.0,0.9935065
