豆瓣,唐山,袁冰妍,公司,周杰伦,美图,养父,小树林,新专辑,开分,离婚,66万,董卿,世茂,买房车,女孩,强制执行,两人,被害,冲卡,10亿,报恩,偷漏税,炒币,违约,美元,集团,97万,浮亏,赶着,旅游,3亿,减值,净亏损
0.9959677,0.0,0.0,0.0,0.9880632,0.0,0.0,0.0,0.9919839,0.9615452,0.0,0.0,0.0,0.0,0.0,0.0,0.0,0.0,0.0,0.0,0.0,0.0,0.0,0.0,0.0,0.0,0.0,0.0,0.0,0.0,0.0,0.0,0.0,0.0
0.0,0.995671,0.00481,0.0,0.0,0.0,0.0044901,0.9913231,0.0,0.0,0.0,0.0044901,0.0,0.0,0.0044901,0.008715,0.0,0.9540292,0.8715853,0.0,0.0,0.0047286,0.0,0.0,0.0,0.0,0.0,0.0,0.0,0.0,0.0051231,0.0,0.0,0.0
0.0,0.00481,0.994709,0.6283694,0.0,0.0,0.0,0.0048289,0.0,0.0,0.0,0.0,0.0245397,0.0,0.0,0.0,0.0279334,0.0049391,0.0055191,0.0,0.0,0.0,0.9148448,0.0,0.0,0.0,0.0,0.9095137,0.0,0.0,0.0056041,0.0,0.0,0.0
0.0,0.0,0.6283694,0.9981096,0.0,0.3049625,0.0032708,0.0,0.0,0.0,0.0,0.0032708,0.7056771,0.1486761,0.0032708,0.0031382,0.6490215,0.0,0.0,0.0,0.1486761,0.0035093,0.6093852,0.3067375,0.1598929,0.1546668,0.1639579,0.6360035,0.2934353,0.0,0.0078075,0.3369984,0.5397154,0.5254608
0.9880632,0.0,0.0,0.0,0.9960317,0.0,0.0,0.0,0.9920476,0.9541847,0.0,0.0,0.0,0.0,0.0,0.0,0.0,0.0,0.0,0.0,0.0,0.0,0.0,0.0,0.0,0.0,0.0,0.0,0.0,0.0,0.0,0.0,0.0,0.0
0.0,0.0,0.0,0.3049625,0.0,0.993865,0.0,0.0,0.0,0.0,0.0,0.0,0.0,0.0,0.0,0.0,0.0,0.0,0.0,0.0,0.0062522,0.0,0.0,0.9815179,0.0,0.0185775,0.0,0.0,0.9660784,0.0,0.0,0.9348062,0.6500752,0.685439
0.0,0.0044901,0.0,0.0032708,0.0,0.0,0.9953488,0.0,0.0,0.0,0.0,0.9953488,0.0,0.0,0.9953488,0.9669727,0.0,0.0,0.0,0.0,0.0,0.9485987,0.0,0.0,0.0,0.0,0.0,0.0,0.0,0.0,0.8771708,0.0,0.0,0.0
0.0,0.9913231,0.0048289,0.0,0.0,0.0,0.0,0.9956332,0.0,0.0,0.0,0.0,0.0,0.0,0.0,0.0043764,0.0,0.9580746,0.8748557,0.0,0.0,0.0,0.0,0.0,0.0,0.0,0.0,0.0,0.0,0.0,0.0,0.0,0.0,0.0
0.9919839,0.0,0.0,0.0,0.9920476,0.0,0.0,0.0,0.996,0.9578355,0.0,0.0,0.0,0.0,0.0,0.0,0.0,0.0,0.0,0.0,0.0,0.0,0.0,0.0,0.0,0.0,0.0,0.0,0.0,0.0,0.0,0.0,0.0,0.0
0.9615452,0.0,0.0,0.0,0.9541847,0.0,0.0,0.0,0.9578355,0.995671,0.0,0.0,0.0,0.0,0.0,0.0,0.0,0.0,0.0,0.0,0.0,0.0,0.0,0.0,0.0,0.0,0.0,0.0,0.0,0.0,0.0,0.0,0.0,0.0
0.0,0.0,0.0,0.0,0.0,0.0,0.0,0.0,0.0,0.0,0.9938272,0.0,0.0,0.0,0.0,0.0105588,0.0,0.01076,0.0,0.9347751,0.0,0.0,0.0,0.0,0.0,0.0,0.0,0.0,0.0,0.9876543,0.0,0.0,0.0,0.0
0.0,0.0044901,0.0,0.0032708,0.0,0.0,0.9953488,0.0,0.0,0.0,0.0,0.9953488,0.0,0.0,0.9953488,0.9669727,0.0,0.0,0.0,0.0,0.0,0.9485987,0.0,0.0,0.0,0.0,0.0,0.0,0.0,0.0,0.8771708,0.0,0.0,0.0
0.0,0.0,0.0245397,0.7056771,0.0,0.0,0.0,0.0,0.0,0.0,0.0,0.0,0.9954751,0.0,0.0,0.0,0.8690045,0.0,0.0,0.0,0.0,0.0,0.0108142,0.0,0.0,0.0,0.0261051,0.0108943,0.0,0.0,0.0,0.0,0.0,0.0
0.0,0.0,0.0,0.1486761,0.0,0.0,0.0,0.0,0.0,0.0,0.0,0.0,0.0,0.9936306,0.0,0.0,0.0,0.0,0.0,0.0,0.9872611,0.0,0.0,0.0,0.9326825,0.9780056,0.9583537,0.0,0.0,0.0,0.0,0.0444449,0.0,0.0
0.0,0.0044901,0.0,0.0032708,0.0,0.0,0.9953488,0.0,0.0,0.0,0.0,0.9953488,0.0,0.0,0.9953488,0.9669727,0.0,0.0,0.0,0.0,0.0,0.9485987,0.0,0.0,0.0,0.0,0.0,0.0,0.0,0.0,0.8771708,0.0,0.0,0.0
0.0,0.008715,0.0,0.0031382,0.0,0.0,0.9669727,0.0043764,0.0,0.0,0.0105588,0.9669727,0.0,0.0,0.9669727,0.995614,0.0,0.0089731,0.0050665,0.011379,0.0,0.9228745,0.0,0.0,0.0,0.0,0.0,0.0,0.0,0.0105588,0.8551593,0.0,0.0,0.0
0.0,0.0,0.0279334,0.6490215,0.0,0.0,0.0,0.0,0.0,0.0,0.0,0.0,0.8690045,0.0,0.0,0.0,0.9941176,0.0,0.0,0.0,0.0,0.0,0.0121717,0.0,0.0,0.0,0.0412983,0.0122518,0.0,0.0,0.0,0.0,0.0,0.0
0.0,0.9540292,0.0049391,0.0,0.0,0.0,0.0,0.9580746,0.0,0.0,0.01076,0.0,0.0,0.0,0.0,0.0089731,0.0,0.9954128,0.8525783,0.0115802,0.0,0.0,0.0,0.0,0.0,0.0,0.0,0.0,0.0,0.01076,0.0,0.0,0.0,0.0
0.0,0.8715853,0.0055191,0.0,0.0,0.0,0.0,0.8748557,0.0,0.0,0.0,0.0,0.0,0.0,0.0,0.0050665,0.0,0.8525783,0.9942529,0.0,0.0,0.0,0.0,0.0,0.0,0.0,0.0,0.0,0.0,0.0,0.0,0.0,0.0,0.0
0.0,0.0,0.0,0.0,0.0,0.0,0.0,0.0,0.0,0.0,0.9347751,0.0,0.0,0.0,0.0,0.011379,0.0,0.0115802,0.0,0.993007,0.0,0.0,0.0,0.0,0.0,0.0,0.0,0.0,0.0,0.9347751,0.0,0.0,0.0,0.0
0.0,0.0,0.0,0.1486761,0.0,0.0062522,0.0,0.0,0.0,0.0,0.0,0.0,0.0,0.9872611,0.0,0.0,0.0,0.0,0.0,0.0,0.9936306,0.0,0.0,0.0063294,0.9326825,0.9780056,0.9522105,0.0,0.0064315,0.0,0.0,0.0507942,0.0,0.0
0.0,0.0047286,0.0,0.0035093,0.0,0.0,0.9485987,0.0,0.0,0.0,0.0,0.9485987,0.0,0.0,0.9485987,0.9228745,0.0,0.0,0.0,0.0,0.0,0.9948718,0.0,0.0,0.0,0.0,0.0,0.0,0.0,0.0,0.9167653,0.0,0.0,0.0
0.0,0.0,0.9148448,0.6093852,0.0,0.0,0.0,0.0,0.0,0.0,0.0,0.0,0.0108142,0.0,0.0,0.0,0.0121717,0.0,0.0,0.0,0.0,0.0,0.9937107,0.0,0.0,0.0,0.0,0.8418059,0.0,0.0,0.0061032,0.0,0.0,0.0
0.0,0.0,0.0,0.3067375,0.0,0.9815179,0.0,0.0,0.0,0.0,0.0,0.0,0.0,0.0,0.0,0.0,0.0,0.0,0.0,0.0,0.0063294,0.0,0.0,0.9937107,0.0,0.018809,0.0,0.0,0.9778853,0.0,0.0,0.9400724,0.6415094,0.6793436
0.0,0.0,0.0,0.1598929,0.0,0.0,0.0,0.0,0.0,0.0,0.0,0.0,0.0,0.9326825,0.0,0.0,0.0,0.0,0.0,0.0,0.9326825,0.0,0.0,0.0,0.9927536,0.9245018,0.9017023,0.0,0.0,0.0,0.0,0.0407265,0.0,0.0
0.0,0.0,0.0,0.1546668,0.0,0.0185775,0.0,0.0,0.0,0.0,0.0,0.0,0.0,0.9780056,0.0,0.0,0.0,0.0,0.0,0.0,0.9780056,0.0,0.0,0.018809,0.9245018,0.99375,0.9429549,0.0,0.0191153,0.0,0.0,0.0628956,0.0,0.021875
0.0,0.0,0.0,0.1639579,0.0,0.0,0.0,0.0,0.0,0.0,0.0,0.0,0.0261051,0.9583537,0.0,0.0,0.0412983,0.0,0.0,0.0,0.9522105,0.0,0.0,0.0,0.9017023,0.9429549,0.9940828,0.0,0.0,0.0,0.0059172,0.042862,0.0,0.0
0.0,0.0,0.9095137,0.6360035,0.0,0.0,0.0,0.0,0.0,0.0,0.0,0.0,0.0108943,0.0,0.0,0.0,0.0122518,0.0,0.0,0.0,0.0,0.0,0.8418059,0.0,0.0,0.0,0.0,0.9936306,0.0,0.0,0.0061433,0.0,0.0,0.0
0.0,0.0,0.0,0.2934353,0.0,0.9660784,0.0,0.0,0.0,0.0,0.0,0.0,0.0,0.0,0.0,0.0,0.0,0.0,0.0,0.0,0.0064315,0.0,0.0,0.9778853,0.0,0.0191153,0.0,0.0,0.9935065,0.0,0.0,0.9232287,0.5833129,0.6303774
0.0,0.0,0.0,0.0,0.0,0.0,0.0,0.0,0.0,0.0,0.9876543,0.0,0.0,0.0,0.0,0.0105588,0.0,0.01076,0.0,0.9347751,0.0,0.0,0.0,0.0,0.0,0.0,0.0,0.0,0.0,0.9938272,0.0,0.0,0.0,0.0
0.0,0.0051231,0.0056041,0.0078075,0.0,0.0,0.8771708,0.0,0.0,0.0,0.0,0.8771708,0.0,0.0,0.8771708,0.8551593,0.0,0.0,0.0,0.0,0.0,0.9167653,0.0061032,0.0,0.0,0.0,0.0059172,0.0061433,0.0,0.0,0.9940828,0.0,0.0,0.0
0.0,0.0,0.0,0.3369984,0.0,0.9348062,0.0,0.0,0.0,0.0,0.0,0.0,0.0,0.0444449,0.0,0.0,0.0,0.0,0.0,0.0,0.0507942,0.0,0.0,0.9400724,0.0407265,0.0628956,0.042862,0.0,0.9232287,0.0,0.0,0.9936709,0.6425245,0.6805775
0.0,0.0,0.0,0.5397154,0.0,0.6500752,0.0,0.0,0.0,0.0,0.0,0.0,0.0,0.0,0.0,0.0,0.0,0.0,0.0,0.0,0.0,0.0,0.0,0.6415094,0.0,0.0,0.0,0.0,0.5833129,0.0,0.0,0.6425245,0.9811321,0.896816
0.0,0.0,0.0,0.5254608,0.0,0.685439,0.0,0.0,0.0,0.0,0.0,0.0,0.0,0.0,0.0,0.0,0.0,0.0,0.0,0.0,0.0,0.0,0.0,0.6793436,0.0,0.021875,0.0,0.0,0.6303774,0.0,0.0,0.6805775,0.896816,0.984375
