约翰逊,余秀华,辞职,女大学生,家暴,南京,被家暴,英国首相,死刑,侵权,洪峤,一审,马斯克,被判,宣判,七七事变,妇联,英国,双胞胎,刘翔,局长,被告人,冰淇淋,被害案,女高管,新东方,遇害案,生下,洪某,印度,85周年,茅台,我不是药神,4岁男童,被压,驾车,判罚,炒至,鲍里斯,身亡,搜查,留任,男友,获赔,突击,曹泽青,张晨光
0.9984686,0.0,0.9238145,0.0,0.0,0.0,0.0,0.7263978,0.0,0.0,0.0,0.0049328,0.0,0.0,0.0,0.0,0.0,0.6428231,0.0,0.0,0.0,0.0,0.0,0.0,0.0,0.0,0.0,0.0,0.0,0.0033699,0.0,0.0,0.0,0.0,0.0,0.0,0.0,0.0,0.6243545,0.0,0.0,0.5941332,0.0,0.0,0.0,0.0,0.0
0.0,0.9985755,0.0,0.0038755,0.725641,0.0038635,0.7339975,0.0,0.0021785,0.0,0.0,0.0024129,0.0,0.0024484,0.0058888,0.0,0.6575666,0.0,0.0,0.0,0.0,0.0,0.0,0.0030597,0.0,0.0,0.0029052,0.002673,0.0028674,0.0,0.0,0.0,0.0,0.0,0.0,0.0,0.0,0.0,0.0,0.0032503,0.0,0.0,0.222135,0.0,0.0,0.0,0.0
0.9238145,0.0,0.9982143,0.0,0.0,0.0,0.0,0.6626064,0.0,0.0,0.0,0.0051871,0.0,0.0,0.0,0.0,0.0,0.6290219,0.0,0.0,0.0030296,0.0,0.0,0.0,0.0,0.0,0.0,0.0,0.0,0.003497,0.0,0.0,0.0,0.0030763,0.0030858,0.0030668,0.0,0.0,0.6041736,0.0034309,0.0,0.5579527,0.0,0.0,0.0,0.0,0.0
0.0,0.0038755,0.0,0.997549,0.0023883,0.995116,0.0,0.0,0.9125086,0.0,0.7252674,0.6759454,0.0,0.8292484,0.7675945,0.0032335,0.0,0.0,0.0,0.0,0.0,0.6991938,0.0,0.7574565,0.0,0.0,0.7759933,0.0,0.7809331,0.0,0.0,0.0,0.0,0.0,0.0,0.0,0.0080065,0.0,0.0,0.0188178,0.0,0.0,0.4210434,0.0,0.0,0.6592589,0.660512
0.0,0.725641,0.0,0.0023883,0.9976744,0.0023823,0.3569163,0.0,0.0026291,0.0,0.0,0.0,0.0,0.0028989,0.0,0.0,0.331099,0.0,0.0,0.0,0.0,0.0,0.0,0.0,0.0,0.0,0.0033558,0.0031236,0.003318,0.0,0.0,0.0,0.0,0.0,0.0,0.0,0.0,0.0,0.0,0.0,0.0,0.0,0.1780019,0.0,0.0,0.0,0.0
0.0,0.0038635,0.0,0.995116,0.0023823,0.997561,0.0,0.0,0.9104821,0.0,0.7241555,0.6745645,0.00315,0.8275745,0.7662674,0.0032275,0.0,0.0,0.003556,0.0,0.0,0.6982075,0.0032275,0.7561892,0.003188,0.0,0.7746363,0.0031803,0.7795521,0.0,0.0,0.0036585,0.0,0.0,0.0,0.0,0.0079946,0.004287,0.0,0.0187879,0.0,0.0,0.4204994,0.0,0.0,0.6584638,0.6597109
0.0,0.7339975,0.0,0.0,0.3569163,0.0,0.9974026,0.0,0.0,0.0,0.0,0.0,0.0,0.0,0.0,0.0,0.7073084,0.0,0.0,0.0,0.0,0.0,0.0,0.0,0.0,0.0,0.0,0.0032595,0.0,0.0,0.0,0.0,0.0,0.0,0.0,0.0,0.0,0.0,0.0,0.0,0.0,0.0,0.1739023,0.0,0.0,0.0,0.0
0.7263978,0.0,0.6626064,0.0,0.0,0.0,0.0,0.9966887,0.0,0.0,0.0,0.0033563,0.0,0.0,0.0,0.0,0.0,0.527564,0.0,0.0,0.0,0.0,0.0,0.0,0.0,0.0,0.0,0.0,0.0,0.0042598,0.0,0.0,0.0,0.0,0.0,0.0,0.0,0.0,0.5931388,0.0,0.0,0.4757174,0.0,0.0,0.0,0.0,0.0
0.0,0.0021785,0.0,0.9125086,0.0026291,0.9104821,0.0,0.0,0.9970674,0.0,0.6955322,0.5922208,0.0,0.8326206,0.6842074,0.0,0.0,0.0,0.0,0.0,0.003603,0.6627919,0.0,0.6521416,0.0,0.0,0.7355109,0.0,0.7387754,0.0,0.0,0.0,0.0,0.0036497,0.0036593,0.0036402,0.0084881,0.0,0.0,0.0200217,0.0,0.0,0.3991462,0.0,0.0,0.6341095,0.6359075
0.0,0.0,0.0,0.0,0.0,0.0,0.0,0.0,0.0,0.9972973,0.0,0.1739658,0.0032819,0.0154373,0.0,0.0,0.0,0.0,0.0036878,0.6968808,0.0034881,0.0,0.0,0.0,0.0033199,0.6908259,0.0,0.0033121,0.0,0.1186655,0.0,0.0,0.7827766,0.0035348,0.0035443,0.0035253,0.7308559,0.0,0.0,0.0038894,0.0,0.0,0.0,0.6767474,0.0,0.0,0.0
0.0,0.0,0.0,0.7252674,0.0,0.7241555,0.0,0.0,0.6955322,0.0,0.9946524,0.6255502,0.0,0.432171,0.6917375,0.0,0.0,0.0,0.0,0.0,0.0,0.8926777,0.0,0.677864,0.0,0.0,0.330941,0.0,0.309054,0.0,0.0,0.0,0.0,0.0,0.0,0.0,0.0054516,0.0,0.0,0.0208475,0.0,0.0,0.2733821,0.0,0.0,0.8454785,0.8482076
0.0049328,0.0024129,0.0051871,0.6759454,0.0,0.6745645,0.0,0.0033563,0.5922208,0.1739658,0.6255502,0.9965986,0.0,0.4639668,0.8337585,0.0037087,0.0,0.0,0.0,0.1841227,0.0,0.6220802,0.0,0.7205615,0.0,0.1826383,0.3309613,0.0,0.3431709,0.0817921,0.0,0.0,0.0893018,0.0,0.0,0.0,0.0985261,0.0,0.0046077,0.0042388,0.0,0.0,0.4336735,0.1905114,0.0,0.6735709,0.675548
0.0,0.0,0.0,0.0,0.0,0.00315,0.0,0.0,0.0,0.0032819,0.0,0.0,0.996139,0.0,0.0,0.0,0.0,0.0,0.9088605,0.0,0.0,0.0,0.0,0.0,0.9864485,0.0,0.0,0.9844954,0.0,0.0045347,0.0,0.0,0.004289,0.0,0.0,0.0,0.0047083,0.0,0.0,0.0,0.0,0.0,0.0,0.0,0.0,0.0,0.0
0.0,0.0024484,0.0,0.8292484,0.0028989,0.8275745,0.0,0.0,0.8326206,0.0154373,0.432171,0.4639668,0.0,0.9965278,0.5277778,0.0,0.0,0.0,0.0,0.0048808,0.0,0.3656083,0.0,0.3879353,0.0,0.0048417,0.8526133,0.0,0.8599737,0.0,0.0,0.0,0.0163784,0.0,0.0,0.0,0.0270833,0.0,0.0,0.0170967,0.0,0.0,0.4007228,0.0051844,0.0,0.420994,0.4188657
0.0,0.0058888,0.0,0.7675945,0.0,0.7662674,0.0,0.0,0.6842074,0.0,0.6917375,0.8337585,0.0,0.5277778,0.9955357,0.0,0.0,0.0,0.0,0.0,0.0,0.6974774,0.0,0.751048,0.0,0.0,0.35401,0.0,0.3685345,0.0,0.0,0.0,0.0,0.0,0.0,0.0,0.0050099,0.0,0.0,0.0047702,0.0,0.0,0.4732143,0.0,0.0,0.7573627,0.7597884
0.0,0.0,0.0,0.0032335,0.0,0.0032275,0.0,0.0,0.0,0.0,0.0,0.0037087,0.0,0.0,0.0,0.9959839,0.0,0.0,0.0,0.0,0.0,0.0,0.0,0.0043554,0.0,0.0,0.0,0.0,0.0,0.0,0.8202068,0.0,0.0,0.0,0.0,0.0,0.0,0.0,0.0,0.0,0.0057394,0.0,0.0,0.0,0.0,0.0,0.0
0.0,0.6575666,0.0,0.0,0.331099,0.0,0.7073084,0.0,0.0,0.0,0.0,0.0,0.0,0.0,0.0,0.0,0.9960784,0.0,0.0,0.0,0.0,0.0,0.0,0.0,0.0,0.0,0.0,0.0039216,0.0,0.0,0.0,0.0,0.0,0.0,0.0,0.0,0.0,0.0,0.0,0.0,0.0,0.0,0.1823129,0.0,0.0,0.0,0.0
0.6428231,0.0,0.6290219,0.0,0.0,0.0,0.0,0.527564,0.0,0.0,0.0,0.0,0.0,0.0,0.0,0.0,0.0,0.9954955,0.0,0.0,0.004389,0.0,0.0,0.0,0.0,0.0,0.0,0.0,0.0,0.0,0.0,0.0,0.0,0.0,0.0,0.0,0.0,0.0,0.495286,0.0,0.0,0.4841295,0.0,0.0,0.0,0.0,0.0
0.0,0.0,0.0,0.0,0.0,0.003556,0.0,0.0,0.0,0.0036878,0.0,0.0,0.9088605,0.0,0.0,0.0,0.0,0.0,0.9953271,0.0,0.0,0.0,0.0,0.0,0.8997351,0.0,0.0,0.8981217,0.0,0.0049406,0.0,0.0,0.0046949,0.0,0.0,0.0,0.0051142,0.0,0.0,0.0,0.0,0.0,0.0,0.0,0.0,0.0,0.0
0.0,0.0,0.0,0.0,0.0,0.0,0.0,0.0,0.0,0.6968808,0.0,0.1841227,0.0,0.0048808,0.0,0.0,0.0,0.0,0.0,0.9937107,0.0,0.0,0.0,0.0,0.0,0.9875386,0.0,0.0,0.0,0.0,0.0,0.0,0.0,0.0,0.0,0.0,0.0,0.0,0.0,0.0,0.0,0.0,0.0,0.9493819,0.0,0.0,0.0
0.0,0.0,0.0030296,0.0,0.0,0.0,0.0,0.0,0.003603,0.0034881,0.0,0.0,0.0,0.0,0.0,0.0,0.0,0.004389,0.0,0.0,0.9957265,0.0,0.0,0.0,0.0,0.0,0.0,0.0,0.0,0.0,0.0,0.0,0.0,0.9849961,0.9828498,0.9828317,0.0,0.0,0.0,0.8928912,0.0,0.0,0.0,0.0,0.0,0.0,0.0
0.0,0.0,0.0,0.6991938,0.0,0.6982075,0.0,0.0,0.6627919,0.0,0.8926777,0.6220802,0.0,0.3656083,0.6974774,0.0,0.0,0.0,0.0,0.0,0.0,0.9939759,0.0,0.6699333,0.0,0.0,0.2446364,0.0,0.2376921,0.0,0.0,0.0,0.0,0.0,0.0,0.0,0.0057898,0.0,0.0,0.0,0.0,0.0,0.2308827,0.0,0.0,0.8294372,0.8327532
0.0,0.0,0.0,0.0,0.0,0.0032275,0.0,0.0,0.0,0.0,0.0,0.0,0.0,0.0,0.0,0.0,0.0,0.0,0.0,0.0,0.0,0.0,0.9959839,0.0,0.0,0.0,0.0,0.0,0.0,0.0,0.0,0.9071995,0.0,0.0,0.0,0.0,0.0,0.8222337,0.0,0.0,0.0,0.0,0.0,0.0,0.0,0.0,0.0
0.0,0.0030597,0.0,0.7574565,0.0,0.7561892,0.0,0.0,0.6521416,0.0,0.677864,0.7205615,0.0,0.3879353,0.751048,0.0043554,0.0,0.0,0.0,0.0,0.0,0.6699333,0.0,0.9953052,0.0,0.0,0.1725352,0.0,0.2116217,0.0,0.0,0.0,0.0,0.0,0.0,0.0,0.0051252,0.0,0.0,0.0048855,0.0,0.0,0.3564243,0.0,0.0,0.5470885,0.5506521
0.0,0.0,0.0,0.0,0.0,0.003188,0.0,0.0,0.0,0.0033199,0.0,0.0,0.9864485,0.0,0.0,0.0,0.0,0.0,0.8997351,0.0,0.0,0.0,0.0,0.0,0.996063,0.0,0.0,0.9901806,0.0,0.0045727,0.0,0.0,0.004327,0.0,0.0,0.0,0.0047463,0.0,0.0,0.0,0.0,0.0,0.0,0.0,0.0,0.0,0.0
0.0,0.0,0.0,0.0,0.0,0.0,0.0,0.0,0.0,0.6908259,0.0,0.1826383,0.0,0.0048417,0.0,0.0,0.0,0.0,0.0,0.9875386,0.0,0.0,0.0,0.0,0.0,0.9937888,0.0,0.0,0.0,0.0,0.0,0.0,0.0,0.0,0.0,0.0,0.0,0.0,0.0,0.0,0.0,0.0,0.0,0.9437567,0.0,0.0,0.0
0.0,0.0029052,0.0,0.7759933,0.0033558,0.7746363,0.0,0.0,0.7355109,0.0,0.330941,0.3309613,0.0,0.8526133,0.35401,0.0,0.0,0.0,0.0,0.0,0.0,0.2446364,0.0,0.1725352,0.0,0.0,0.995614,0.0,0.9478978,0.0,0.0,0.0,0.0,0.0,0.0,0.0,0.0049708,0.0,0.0,0.0189242,0.0,0.0,0.2573398,0.0,0.0,0.290292,0.2889376
0.0,0.002673,0.0,0.0,0.0031236,0.0031803,0.0032595,0.0,0.0,0.0033121,0.0,0.0,0.9844954,0.0,0.0,0.0,0.0039216,0.0,0.8981217,0.0,0.0,0.0,0.0,0.0,0.9901806,0.0,0.0,0.9960784,0.0,0.004565,0.0,0.0,0.0043193,0.0,0.0,0.0,0.0047386,0.0,0.0,0.0,0.0,0.0,0.0,0.0,0.0,0.0,0.0
0.0,0.0028674,0.0,0.7809331,0.003318,0.7795521,0.0,0.0,0.7387754,0.0,0.309054,0.3431709,0.0,0.8599737,0.3685345,0.0,0.0,0.0,0.0,0.0,0.0,0.2376921,0.0,0.2116217,0.0,0.0,0.9478978,0.0,0.9956897,0.0,0.0,0.0,0.0,0.0,0.0,0.0,0.004933,0.0,0.0,0.018773,0.0,0.0,0.3000528,0.0,0.0,0.2648932,0.2695083
0.0033699,0.0,0.003497,0.0,0.0,0.0,0.0,0.0042598,0.0,0.1186655,0.0,0.0817921,0.0045347,0.0,0.0,0.0,0.0,0.0,0.0049406,0.0,0.0,0.0,0.0,0.0,0.0045727,0.0,0.0,0.004565,0.0,0.9947917,0.0,0.0,0.1488797,0.0,0.0,0.0,0.1560764,0.0,0.0055111,0.0,0.8362873,0.0,0.0,0.0,0.9109375,0.0,0.0
0.0,0.0,0.0,0.0,0.0,0.0,0.0,0.0,0.0,0.0,0.0,0.0,0.0,0.0,0.0,0.8202068,0.0,0.0,0.0,0.0,0.0,0.0,0.0,0.0,0.0,0.0,0.0,0.0,0.0,0.0,0.9938272,0.0,0.0,0.0,0.0,0.0,0.0,0.0,0.0,0.0,0.0068178,0.0,0.0,0.0,0.0,0.0,0.0
0.0,0.0,0.0,0.0,0.0,0.0036585,0.0,0.0,0.0,0.0,0.0,0.0,0.0,0.0,0.0,0.0,0.0,0.0,0.0,0.0,0.0,0.0,0.9071995,0.0,0.0,0.0,0.0,0.0,0.0,0.0,0.0,0.995122,0.0,0.0,0.0,0.0,0.0,0.8920545,0.0,0.0,0.0,0.0,0.0,0.0,0.0,0.0,0.0
0.0,0.0,0.0,0.0,0.0,0.0,0.0,0.0,0.0,0.7827766,0.0,0.0893018,0.004289,0.0163784,0.0,0.0,0.0,0.0,0.0046949,0.0,0.0,0.0,0.0,0.0,0.004327,0.0,0.0,0.0043193,0.0,0.1488797,0.0,0.0,0.995283,0.0,0.0,0.0,0.9091195,0.0,0.0,0.0,0.0,0.0,0.0,0.0,0.0,0.0,0.0
0.0,0.0,0.0030763,0.0,0.0,0.0,0.0,0.0,0.0036497,0.0035348,0.0,0.0,0.0,0.0,0.0,0.0,0.0,0.0,0.0,0.0,0.9849961,0.0,0.0,0.0,0.0,0.0,0.0,0.0,0.0,0.0,0.0,0.0,0.0,0.9956332,0.9934402,0.9934688,0.0,0.0,0.0,0.9018021,0.0,0.0,0.0,0.0,0.0,0.0,0.0
0.0,0.0,0.0030858,0.0,0.0,0.0,0.0,0.0,0.0036593,0.0035443,0.0,0.0,0.0,0.0,0.0,0.0,0.0,0.0,0.0,0.0,0.9828498,0.0,0.0,0.0,0.0,0.0,0.0,0.0,0.0,0.0,0.0,0.0,0.0,0.9934402,0.995614,0.9912853,0.0,0.0,0.0,0.8989002,0.0,0.0,0.0,0.0,0.0,0.0,0.0
0.0,0.0,0.0030668,0.0,0.0,0.0,0.0,0.0,0.0036402,0.0035253,0.0,0.0,0.0,0.0,0.0,0.0,0.0,0.0,0.0,0.0,0.9828317,0.0,0.0,0.0,0.0,0.0,0.0,0.0,0.0,0.0,0.0,0.0,0.0,0.9934688,0.9912853,0.9956522,0.0,0.0,0.0,0.899989,0.0,0.0,0.0,0.0,0.0,0.0,0.0
0.0,0.0,0.0,0.0080065,0.0,0.0079946,0.0,0.0,0.0084881,0.7308559,0.0054516,0.0985261,0.0047083,0.0270833,0.0050099,0.0,0.0,0.0,0.0051142,0.0,0.0,0.0057898,0.0,0.0051252,0.0047463,0.0,0.0049708,0.0047386,0.004933,0.1560764,0.0,0.0,0.9091195,0.0,0.0,0.0,0.9944444,0.0,0.0,0.0,0.0,0.0,0.0061791,0.0,0.0,0.0065091,0.0064815
0.0,0.0,0.0,0.0,0.0,0.004287,0.0,0.0,0.0,0.0,0.0,0.0,0.0,0.0,0.0,0.0,0.0,0.0,0.0,0.0,0.0,0.0,0.8222337,0.0,0.0,0.0,0.0,0.0,0.0,0.0,0.0,0.8920545,0.0,0.0,0.0,0.0,0.0,0.993865,0.0,0.0,0.0,0.0,0.0,0.0,0.0,0.0,0.0
0.6243545,0.0,0.6041736,0.0,0.0,0.0,0.0,0.5931388,0.0,0.0,0.0,0.0046077,0.0,0.0,0.0,0.0,0.0,0.495286,0.0,0.0,0.0,0.0,0.0,0.0,0.0,0.0,0.0,0.0,0.0,0.0055111,0.0,0.0,0.0,0.0,0.0,0.0,0.0,0.0,0.994186,0.0,0.0,0.4883721,0.0,0.0,0.0,0.0,0.0
0.0,0.0032503,0.0034309,0.0188178,0.0,0.0187879,0.0,0.0,0.0200217,0.0038894,0.0208475,0.0042388,0.0,0.0170967,0.0047702,0.0,0.0,0.0,0.0,0.0,0.8928912,0.0,0.0,0.0048855,0.0,0.0,0.0189242,0.0,0.018773,0.0,0.0,0.0,0.0,0.9018021,0.8989002,0.899989,0.0,0.0,0.0,0.9949239,0.0,0.0,0.0,0.0,0.0,0.0,0.0
0.0,0.0,0.0,0.0,0.0,0.0,0.0,0.0,0.0,0.0,0.0,0.0,0.0,0.0,0.0,0.0057394,0.0,0.0,0.0,0.0,0.0,0.0,0.0,0.0,0.0,0.0,0.0,0.0,0.0,0.8362873,0.0068178,0.0,0.0,0.0,0.0,0.0,0.0,0.0,0.0,0.0,0.9925373,0.0,0.0,0.0,0.9050373,0.0,0.0
0.5941332,0.0,0.5579527,0.0,0.0,0.0,0.0,0.4757174,0.0,0.0,0.0,0.0,0.0,0.0,0.0,0.0,0.0,0.4841295,0.0,0.0,0.0,0.0,0.0,0.0,0.0,0.0,0.0,0.0,0.0,0.0,0.0,0.0,0.0,0.0,0.0,0.0,0.0,0.0,0.4883721,0.0,0.0,0.9922481,0.0,0.0,0.0,0.0,0.0
0.0,0.222135,0.0,0.4210434,0.1780019,0.4204994,0.1739023,0.0,0.3991462,0.0,0.2733821,0.4336735,0.0,0.4007228,0.4732143,0.0,0.1823129,0.0,0.0,0.0,0.0,0.2308827,0.0,0.3564243,0.0,0.0,0.2573398,0.0,0.3000528,0.0,0.0,0.0,0.0,0.0,0.0,0.0,0.0061791,0.0,0.0,0.0,0.0,0.0,0.9931973,0.0,0.0,0.2282465,0.2344671
0.0,0.0,0.0,0.0,0.0,0.0,0.0,0.0,0.0,0.6767474,0.0,0.1905114,0.0,0.0051844,0.0,0.0,0.0,0.0,0.0,0.9493819,0.0,0.0,0.0,0.0,0.0,0.9437567,0.0,0.0,0.0,0.0,0.0,0.0,0.0,0.0,0.0,0.0,0.0,0.0,0.0,0.0,0.0,0.0,0.0,0.9931034,0.0,0.0,0.0
0.0,0.0,0.0,0.0,0.0,0.0,0.0,0.0,0.0,0.0,0.0,0.0,0.0,0.0,0.0,0.0,0.0,0.0,0.0,0.0,0.0,0.0,0.0,0.0,0.0,0.0,0.0,0.0,0.0,0.9109375,0.0,0.0,0.0,0.0,0.0,0.0,0.0,0.0,0.0,0.0,0.9050373,0.0,0.0,0.0,0.99375,0.0,0.0
0.0,0.0,0.0,0.6592589,0.0,0.6584638,0.0,0.0,0.6341095,0.0,0.8454785,0.6735709,0.0,0.420994,0.7573627,0.0,0.0,0.0,0.0,0.0,0.0,0.8294372,0.0,0.5470885,0.0,0.0,0.290292,0.0,0.2648932,0.0,0.0,0.0,0.0,0.0,0.0,0.0,0.0065091,0.0,0.0,0.0,0.0,0.0,0.2282465,0.0,0.0,0.9925373,0.9888612
0.0,0.0,0.0,0.660512,0.0,0.6597109,0.0,0.0,0.6359075,0.0,0.8482076,0.675548,0.0,0.4188657,0.7597884,0.0,0.0,0.0,0.0,0.0,0.0,0.8327532,0.0,0.5506521,0.0,0.0,0.2889376,0.0,0.2695083,0.0,0.0,0.0,0.0,0.0,0.0,0.0,0.0064815,0.0,0.0,0.0,0.0,0.0,0.2344671,0.0,0.0,0.9888612,0.9925926
